[0.2697848645978978,0.4624454345926408,0.26776970080946133]
[0.2707090843944824,0.39556615516283516,0.33372476044268246]
[0.2742165896137938,0.32772431856868617,0.39805909181751997]
[0.28030871909776617,0.2595350272133054,0.46015625368892826]
[0.33778395702184494,0.39616382453858306,0.2660522184395719]
[0.34022453094845606,0.32854425124818437,0.33123121780335946]
[0.3468056004149887,0.2597062463772562,0.393488153207755]
[0.4058178423140579,0.32955978683178555,0.2646223708541566]
[0.4109264615766218,0.26071009086408703,0.32836344755929114]
[0.4733563501534273,0.26222595730500714,0.2644176925415657]
