[0.2018365348418156,0.4618522530273106,0.3363112121308739]
[0.20187441332488776,0.5286516261911887,0.2694739604839236]
[0.20373271501692675,0.3944270984975756,0.40184018648549763]
[0.207632487832489,0.3265963478395402,0.46577116432797067]
[0.2697848645978978,0.4624454345926408,0.26776970080946133]
[0.2707090843944824,0.39556615516283516,0.33372476044268246]
[0.2742165896137938,0.32772431856868617,0.39805909181751997]
[0.28030871909776617,0.2595350272133054,0.46015625368892826]
[0.33778395702184494,0.39616382453858306,0.2660522184395719]
[0.338628477606065,0.46180097892574173,0.19957054346819325]
[0.34022453094845606,0.32854425124818437,0.33123121780335946]
[0.3468056004149887,0.2597062463772562,0.393488153207755]
[0.35641180280573076,0.19189591419347005,0.45169228300079917]
[0.4058178423140579,0.32955978683178555,0.2646223708541566]
[0.4062504323652009,0.39517854418669435,0.19857102344810468]
[0.4109264615766218,0.26071009086408703,0.32836344755929114]
[0.4296818646078444,0.19044267073031335,0.3798754646618423]
[0.47314871898144656,0.32852212187770147,0.19832915914085208]
[0.4733563501534273,0.26222595730500714,0.2644176925415657]
[0.5040854208335843,0.1903304239763087,0.305584155190107]
